1111111111111111111111111111111!
111100100000100111100100011010111100100111010111100100221010
000010_0_0_0_1431655765_1
1 not in 0.000000 0.000000 0.000000 0.000000
2 not in 0.000000 0.000000 0.000000 0.000000
3 not in 0.000000 0.000000 0.000000 0.000000
4 not in 0.000000 0.000000 0.000000 0.000000
5 not in 0.000000 0.000000 0.000000 0.000000
6 not in 0.000000 0.000000 0.000000 0.000000
7 not in 0.000000 0.000000 0.000000 0.000000
8 not in 0.000000 0.000000 0.000000 0.000000
9 not in 0.000000 0.000000 0.000000 0.000000
10 not in 0.000000 0.000000 0.000000 0.000000
11 not in 0.000000 0.000000 0.000000 0.000000
12 not in 0.000000 0.000000 0.000000 0.000000
13 not in 0.000000 0.000000 0.000000 0.000000
000001_0_1431655765_0_-2
14 not in 0.000000 0.000000 0.000000 0.000000
15 not in 0.000000 0.000000 0.000000 0.000000
16 not in 0.000000 0.000000 0.000000 0.000000
17 not in 0.000000 0.000000 0.000000 0.000000
18 not in 0.000000 0.000000 0.000000 0.000000
19 not in 0.000000 0.000000 0.000000 0.000000
20 not in 0.000000 0.000000 0.000000 0.000000
21 not in 0.000000 0.000000 0.000000 0.000000
22 not in 0.000000 0.000000 0.000000 0.000000
23 not in 0.000000 0.000000 0.000000 0.000000
24 not in 0.000000 0.000000 0.000000 0.000000
25 not in 0.000000 0.000000 0.000000 0.000000
26 not in 0.000000 0.000000 0.000000 0.000000
27 not in 0.000000 0.000000 0.000000 0.000000
28 not in 0.000000 0.000000 0.000000 0.000000
29 not in 0.000000 0.000000 0.000000 0.000000
000010_0_1_0_1431655765_2
30 not in 0.000000 0.000000 0.000000 0.000000
31 not in 0.000000 0.000000 0.000000 0.000000
