Hello, output file
1 not in 0.000000 0.000000 0.000000 0.000000
2 not in 0.000000 0.000000 0.000000 0.000000
3 not in 0.000000 0.000000 0.000000 0.000000
4 not in 0.000000 0.000000 0.000000 0.000000
5 not in 0.000000 0.000000 0.000000 0.000000
6 not in 0.000000 0.000000 0.000000 0.000000
7 not in 0.000000 0.000000 0.000000 0.000000
8 not in 0.000000 0.000000 0.000000 0.000000
9 not in 0.000000 0.000000 0.000000 0.000000
10 not in 0.000000 0.000000 0.000000 0.000000
11 not in 0.000000 0.000000 0.000000 0.000000
12 not in 0.000000 0.000000 0.000000 0.000000
13 not in 0.000000 0.000000 0.000000 0.000000
14 not in 0.000000 0.000000 0.000000 0.000000
15 not in 0.000000 0.000000 0.000000 0.000000
16 not in 0.000000 0.000000 0.000000 0.000000
17 not in 0.000000 0.000000 0.000000 0.000000
18 not in 0.000000 0.000000 0.000000 0.000000
19 not in 0.000000 0.000000 0.000000 0.000000
20 not in 0.000000 0.000000 0.000000 0.000000
21 not in 0.000000 0.000000 0.000000 0.000000
22 not in 0.000000 0.000000 0.000000 0.000000
23 not in 0.000000 0.000000 0.000000 0.000000
24 not in 0.000000 0.000000 0.000000 0.000000
25 not in 0.000000 0.000000 0.000000 0.000000
26 not in 0.000000 0.000000 0.000000 0.000000
27 not in 0.000000 0.000000 0.000000 0.000000
28 not in 0.000000 0.000000 0.000000 0.000000
29 not in 0.000000 0.000000 0.000000 0.000000
30 not in 0.000000 0.000000 0.000000 0.000000
31 not in 0.000000 0.000000 0.000000 0.000000
32 not in 0.000000 0.000000 0.000000 0.000000
33 not in 0.000000 0.000000 0.000000 0.000000
34 not in 0.000000 0.000000 0.000000 0.000000
35 not in 0.000000 0.000000 0.000000 0.000000
36 not in 0.000000 0.000000 0.000000 0.000000
37 not in 0.000000 0.000000 0.000000 0.000000
38 not in 0.000000 0.000000 0.000000 0.000000
39 not in 0.000000 0.000000 0.000000 0.000000
40 not in 0.000000 0.000000 0.000000 0.000000
41 not in 0.000000 0.000000 0.000000 0.000000
42 not in 0.000000 0.000000 0.000000 0.000000
43 not in 0.000000 0.000000 0.000000 0.000000
44 not in 0.000000 0.000000 0.000000 0.000000
45 not in 0.000000 0.000000 0.000000 0.000000
46 not in 0.000000 0.000000 0.000000 0.000000
47 not in 0.000000 0.000000 0.000000 0.000000
48 not in 0.000000 0.000000 0.000000 0.000000
49 not in 0.000000 0.000000 0.000000 0.000000
50 not in 0.000000 0.000000 0.000000 0.000000
51 not in 0.000000 0.000000 0.000000 0.000000
